---
header: 
  seq: 13316
  stamp: 
    secs: 1714719403
    nsecs: 361705541
  frame_id: "odom"
child_frame_id: "base_link"
pose: 
  pose: 
    position: 
      x: -0.08246255511628955
      y: 0.465472404078218
      z: 0.0
    orientation: 
      x: -0.0
      y: 0.0
      z: 0.9384283859992154
      w: -0.3454738258550241
  covariance: [0.0, 0.0, 0.0, 0.0, 0.0, 0.0, 0.0, 0.0, 0.0, 0.0, 0.0, 0.0, 0.0, 0.0, 0.0, 0.0, 0.0, 0.0, 0.0, 0.0, 0.0, 0.0, 0.0, 0.0, 0.0, 0.0, 0.0, 0.0, 0.0, 0.0, 0.0, 0.0, 0.0, 0.0, 0.0, 0.0]
twist: 
  twist: 
    linear: 
      x: 3.3488243177109236e-05
      y: 0.0
      z: 0.0
    angular: 
      x: 0.0
      y: 0.0
      z: 0.0010873693621127917
  covariance: [0.0, 0.0, 0.0, 0.0, 0.0, 0.0, 0.0, 0.0, 0.0, 0.0, 0.0, 0.0, 0.0, 0.0, 0.0, 0.0, 0.0, 0.0, 0.0, 0.0, 0.0, 0.0, 0.0, 0.0, 0.0, 0.0, 0.0, 0.0, 0.0, 0.0, 0.0, 0.0, 0.0, 0.0, 0.0, 0.0]
---
